


var top15Shapes = [
	4432, 
	5332,
	5431, 
	5422, 
	4333, 
	6322, 
	6421, 
	6331, 
	5521, 
	4441, 
	7321, 
	6430,
	5440, 
	5530,
	6511,
]

/*
	6520,
	7222,
	7411,
	7420,
	7330,
	8221,
	8311,
	7510,
	8320,
	6610,
	8410,
	9211,
	9310,
	9220,
	7600,
	8500,
	10.2.1.0,
	9400,
	10.1.1.1,
	10.3.0.0,
	11.1.1.0,
	11.2.0.0,
	12.1.0.0,
	13.0.0.0
*/

/* 21.551%, 12 */
var shape4432 = [
	4432,
	4423,
	4342,
	4324,
	4243,
	4234,
	3442,
	3424,
	3244,
	2443,
	2434,
	2344
]


/* 15.517%, 12 */
var shape5332 = [
	5332, 
	5323, 
	5233,
	3532,
	3523,
	3352,
	3325,
	3252,
	3235,
	2533,
	2353,
	2335
]


/* 12.931%, 24 */
var shape5431 = [
	5431, 
	5413,
	5341, 
	5314,
	5143, 
	5134, 
	4531, 
	4513, 
	4351, 
	4315,
	4153, 
	4135,
	3541, 
	3514, 
	3451, 
	3415,
	3154, 
	3145,
	1543, 
	1534, 
	1453, 
	1435,
	1354, 
	1345
] 
	

/* 10.580%, 12 */	
var shape5422 = [
	5422, 
	5242, 
	5224, 
	4522, 
	4252, 
	4225, 
	2542, 
	2524, 
	2452, 
	2425, 
	2254, 
	2245
]


/* 10.536%, 4 */ 
var shape4333 = [
	4333, 
	3433, 
	3343, 
	3334
]


/* 5.642%, 12 */
var shape6322 = [
	6322, 
	6232,
	6223,
	3622,
	3262,
	3226,
	2632,
	2623,
	2362, 
	2326, 
	2263, 
	2236
]


/* 4.702%, 24 */ 
var shape6421 = [
	6421, 
	6412,
	6241, 
	6142,
	6142, 
	6124, 
	4621, 
	4612, 
	4261, 
	4216, 
	4162, 
	4126, 
	2641, 
	2614,
	2461, 
	2416, 
	2164, 
	2146, 
	1642, 
	1624, 
	1462, 
	1426, 
	1264, 
	1246
]


/* 3.448%, 12 */
var shape6331 = [
	6331, 
	6313, 
	6133, 
	3631, 
	3613, 
	3361, 
	3316, 
	3163, 
	3136, 
	1633, 
	1363, 
	1336
]


/* 3.174%, 12 */
var shape5521 = [
	5521, 
	5512, 
	5251, 
	5215, 
	5152, 
	5125, 
	2551,
	2515,
	2155,
	1552
	1525, 
	1255
]


/* 2.993%, 4 */
var shape4441 = [
	4441,
	4414,
	4144, 
	1444
]


/* 1.881%, 24 */
var shape7321 = [
	7321, 
	7312, 
	7231, 
	7213, 
	7132, 
	7123, 
	3721, 
	3712, 
	3271, 
	3217, 
	3172, 
	3127, 
	2731, 
	2713, 
	2371, 
	2317, 
	2173, 
	2137, 
	1732, 
	1723, 
	1372, 
	1327, 
	1273, 
	1237
]


/* 1.326%, 24 */
var shape6430 = [
	6430, 
	6403, 
	6340, 
	6304, 
	6043, 
	6034, 
	4630, 
	4603, 
	4360, 
	4306, 
	4063, 
	4036,
	3640, 
	3604, 
	3460, 
	3406, 
	3064, 
	3046, 
	0643, 
	0634, 
	0463, 
	0436, 
	0364, 
	0346
]


/* 1.243%, 12 */
var shape5440 = [
	5440, 
	5404, 
	5044, 
	4540, 
	4504, 
	4450, 
	4405, 
	4054,
	4045,
	0544, 
	0454, 
	0445
]


/* 0.895%, 12 */
var shape5530 = [
	5530, 
	5503, 
	5350, 
	5305, 
	5053, 
	5035, 
	3550, 
	3505, 
	3055, 
	0553, 
	0535, 
	0355
]


/* 0.705%, 12 */
var shape6511 = [
	6511, 
	6151, 
	6115, 
	5611, 
	5161, 
	5116,
	1651, 
	1615,
	1561, 
	1516, 
	1165, 
	1156, 
]




