

One Card - Two Ways

1)	2		-
2) 	- 		2



[2-0, 1-1]
Two Cards - Four Discreet, Two General 

1)	23		-
2)	2		3
3)	3		2
4)	-		23


[3-0(0.22), 2-1(0.78)]
Three Cards - Eight Ways, Two General 

1)	234		-
2)	23		4
3)	24		3
4)	34		2
5)	4		23
6)	3		24
7)	2		34
8)	-		234


Four Cards - Three Patterns, 16 Cases 
[3-1 (50%), 2-2 (41%), 4-0 (10%)]

1)	  2345		-
2)	  234		5
3)	  235		4
4)	  245		3
5)	  345		2
6)	  23		45
7)	  24		35
8)	  25		34	
9)	  34		25
10)	  35		24	
11)	  45		23
12)   5			234	
13)	  4			235
14)	  3			245
15)   2			345
16)	  -			2345				


Five Cards - Three Patterns, 32 Cases 

1)	  	23456		-
2)	  	3456		2
3)	  	2456		3
4)	  	2356		4
5)	  	2346		5
6)	  	2345		6
7)	  	23			456
8)	  	24			356
9)		25			346
10)	 	26			345
11)		34			256
12)  	35			246
13)	  	36			245
14)		45			236
15)  	46			235
16)		56			234
17)		456			23
18)	  	356			24
19)	  	346			25
20)		345			26
21)	 	256			34
22)		246			35	
23)  	245			36
24)	  	236			45
25)		235			46
26)  	234			56
27)		2			3456	
28)		3			2456
29)		4			2356
30)		5			2346
31)		6			2345
32)		-			23456




















